ALA  0  1
ARG  5 15
 1 4 0 5
 4 5 1 6
 5 6 4 7
 6 7 5 8
 7 8 6 9
ASN  2 12
 1 4 0 5
 4 5 1 7
ASP  2  2
 1 4 0 5
 4 5 1 7
CYS  1  3
 1 4 0 5
GLN  3 14
 1 4 0 5
 4 5 1 6
 5 6 4 8
GLU  3  4
 1 4 0 5
 4 5 1 6
 5 6 4 8
GLY  0  6
HIS  2  7
 1 4 0 5
 4 5 1 7
ILE  2  8
 1 4 0 5
 4 5 1 7
LEU  2 10
 1 4 0 5
 4 5 1 6
LYS  4  9
 1 4 0 5
 4 5 1 6
 5 6 4 7
 6 7 5 8
MET  3 11
 1 4 0 5
 4 5 1 6
 5 6 4 7
PHE  2  5
 1 4 0 5
 4 5 1 6
PRO  0 13 
SER  1 16
 1 4 0 5
THR  1 17
 1 4 0 6
TRP  2 19
 1 4 0 5
 4 5 1 6
VAL  1 18
 1 4 0 5
TYR  2 20
 1 4 0 5
 4 5 1 6

